latitude=23.687033
longitude=86.157700
